Gene ID	Mirbase ID	Site type	Site start	Site end	Threep score	Local AU score	Min dist	UTR length score	ORF length	ORF 8mers	Off6m score	TA	SPS
CDC2L6	hsa-miR-1-3p	6mer	3602	3607	2.0	0.537132213245	2.96563091712	3.65618569039	3.18241465243	0	0.0	3.539	-5.66
CDC2L6	hsa-miR-1-3p	7mer-1a	2588	2594	2.0	0.496147669637	3.28711003732	3.65618569039	3.18241465243	0	0.0	3.539	-5.66
CDC2L6	hsa-miR-101-3p.1	7mer-1a	1662	1668	2.5	0.477100196252	3.22036963245	3.65618569039	3.18241465243	0	0.0	3.544	-5.01
CDC2L6	hsa-miR-101-3p.1	6mer	519	524	1.5	0.517097952027	2.71432975975	3.40889587572	3.18241465243	0	-0.42375300651	3.544	-5.01
CDC2L6	hsa-miR-101-3p.1	6mer	1591	1596	4.0	0.500947303185	3.20139712432	3.65618569039	3.18241465243	0	0.0	3.544	-5.01
CDC2L6	hsa-miR-101-3p.1	6mer	3167	3172	4.0	0.692839264766	3.13319154399	3.65618569039	3.18241465243	0	0.0	3.544	-5.01
CDC2L6	hsa-miR-10a-5p	6mer	2655	2660	2.5	0.518440488037	3.27205351327	3.65618569039	3.18241465243	0	0.0	3.432	-8.41
CDC2L6	hsa-miR-10b-5p	6mer	2655	2660	2.5	0.518440488037	3.27205351327	3.65618569039	3.18241465243	0	0.0	3.432	-8.41
CDC2L6	hsa-miR-18a-5p	7mer-m8	308	314	2.0	0.612137834395	2.48713837548	3.40889587572	3.18241465243	0	0.0	3.334	-9.5
CDC2L6	hsa-miR-18a-5p	7mer-m8	448	454	1.5	0.818352257557	2.65030752313	3.40889587572	3.18241465243	0	0.0	3.334	-9.5
CDC2L6	hsa-miR-18a-5p	6mer	2817	2822	3.5	0.359391279959	3.2327198666	3.65618569039	3.18241465243	0	0.0	3.334	-6.08
CDC2L6	hsa-miR-18b-5p	7mer-m8	308	314	2.0	0.612137834395	2.48713837548	3.40889587572	3.18241465243	0	0.0	3.334	-9.5
CDC2L6	hsa-miR-18b-5p	7mer-m8	448	454	1.5	0.818352257557	2.65030752313	3.40889587572	3.18241465243	0	0.0	3.334	-9.5
CDC2L6	hsa-miR-18b-5p	6mer	2817	2822	3.5	0.359391279959	3.2327198666	3.65618569039	3.18241465243	0	0.0	3.334	-6.08
CDC2L6	hsa-miR-206	6mer	3602	3607	2.0	0.537132213245	2.96563091712	3.65618569039	3.18241465243	0	0.0	3.539	-5.66
CDC2L6	hsa-miR-206	7mer-1a	2588	2594	1.5	0.496147669637	3.28711003732	3.65618569039	3.18241465243	0	0.0	3.539	-5.66
CDC2L6	hsa-miR-4651	6mer	204	209	2.0	0.550082679656	2.20307102812	3.27638504058	3.18241465243	0	0.0	3.758	-10.04
CDC2L6	hsa-miR-4651	7mer-1a	4387	4393	2.0	0.272464765625	2.1396041284	3.65618569039	3.18241465243	0	0.0	3.758	-10.04
CDC2L6	hsa-miR-4735-3p	7mer-m8	308	314	2.0	0.612137834395	2.48713837548	3.40889587572	3.18241465243	0	0.0	3.334	-9.5
CDC2L6	hsa-miR-4735-3p	7mer-m8	448	454	3.0	0.818352257557	2.65030752313	3.40889587572	3.18241465243	0	0.0	3.334	-9.5
CDC2L6	hsa-miR-4735-3p	6mer	2817	2822	2.0	0.359391279959	3.2327198666	3.65618569039	3.18241465243	0	0.0	3.334	-6.08
CDC2L6	hsa-miR-601	7mer-1a	3843	3849	2.0	0.55570914977	2.83372875204	3.65618569039	3.18241465243	0	0.0	3.121	-6.72
CDC2L6	hsa-miR-603	8mer-1a	928	935	4.0	0.780563184416	2.7944237507	3.40889587572	3.18241465243	0	0.0	3.637	-8.03
CDC2L6	hsa-miR-603	6mer	3321	3326	1.0	0.487528849758	3.08095556677	3.65618569039	3.18241465243	0	0.0	3.637	-6.4
CDC2L6	hsa-miR-603	6mer	3323	3328	1.0	0.615611715747	3.08023409486	3.65618569039	3.18241465243	0	0.0	3.637	-6.4
CDC2L6	hsa-miR-604	6mer	1837	1842	2.5	0.639519074104	3.26387267687	3.65618569039	3.18241465243	0	0.0	3.461	-10.2
CDC2L6	hsa-miR-604	6mer	2245	2250	2.0	0.738265138035	3.35102285258	3.65618569039	3.18241465243	0	0.0	3.461	-10.2
CDC2L6	hsa-miR-605-5p	7mer-m8	2530	2536	1.0	0.466111107557	3.29992388598	3.65618569039	3.18241465243	0	0.0	3.507	-7.29
CDC2L6	hsa-miR-605-5p	6mer	296	301	1.5	0.489307046146	2.46982201598	3.40889587572	3.18241465243	0	-0.42375300651	3.507	-4.03
CDC2L6	hsa-miR-605-5p	6mer	366	371	1.5	0.83741582714	2.56229286446	3.40889587572	3.18241465243	0	-0.42375300651	3.507	-4.03
CDC2L6	hsa-miR-605-5p	6mer	864	869	3.5	0.573636392402	2.80611782509	3.40889587572	3.18241465243	0	-0.42375300651	3.507	-4.03
CDC2L6	hsa-miR-606	7mer-1a	2119	2125	1.5	0.529544792033	3.32592595577	3.65618569039	3.18241465243	0	0.0	3.354	-4.28
CDC2L6	hsa-miR-607	7mer-1a	2230	2236	2.0	0.589641812709	3.34811006848	3.65618569039	3.18241465243	0	0.0	3.977	-2.26
CDC2L6	hsa-miR-607	6mer	3093	3098	2.0	0.403029189288	3.15621971911	3.65618569039	3.18241465243	0	0.0	3.977	-2.26
CDC2L6	hsa-miR-607	6mer	290	295	2.0	0.462171799169	2.46089784276	3.40889587572	3.18241465243	0	0.0	3.977	-2.26
CDC2L6	hsa-miR-607	7mer-1a	3151	3157	2.0	0.65580063692	3.13795912472	3.65618569039	3.18241465243	0	0.0	3.977	-2.26
CDC2L6	hsa-miR-607	7mer-1a	3490	3496	3.0	0.640000183717	3.01490369878	3.65618569039	3.18241465243	0	0.0	3.977	-2.26
CDC2L6	hsa-miR-607	6mer	910	915	1.5	0.497094679472	2.79836393427	3.40889587572	3.18241465243	0	0.0	3.977	-2.26
CDC2L6	hsa-miR-608	6mer	204	209	4.0	0.550082679656	2.20307102812	3.27638504058	3.18241465243	0	0.0	3.758	-10.04
CDC2L6	hsa-miR-608	7mer-1a	4387	4393	2.0	0.272464765625	2.1396041284	3.65618569039	3.18241465243	0	0.0	3.758	-10.04
CDC2L6	hsa-miR-609	8mer-1a	3217	3224	2.5	0.423445979774	3.11624656427	3.65618569039	3.18241465243	0	0.0	3.388	-9.5
CDC2L6	hsa-miR-613	6mer	3602	3607	0.0	0.537132213245	2.96563091712	3.65618569039	3.18241465243	0	0.0	3.539	-5.66
CDC2L6	hsa-miR-613	7mer-1a	2588	2594	3.5	0.496147669637	3.28711003732	3.65618569039	3.18241465243	0	0.0	3.539	-5.66
FNDC3A	hsa-let-7a-5p	7mer-1a	2002	2008	1.5	0.825602815537	2.37031762022	3.35075073118	3.55762748843	0	-0.614181745447	3.393	-6.72
FNDC3A	hsa-let-7a-5p	7mer-m8	465	471	2.0	0.692581696309	2.66651798055	3.23541081256	3.55762748843	0	-1.09114199669	3.393	-9.25
FNDC3A	hsa-let-7a-5p	6mer	686	691	3.0	0.699415047986	2.8222974315	3.23541081256	3.55762748843	0	-1.09114199669	3.393	-6.72
FNDC3A	hsa-let-7b-5p	7mer-1a	2002	2008	1.0	0.825602815537	2.37031762022	3.35075073118	3.55762748843	0	-0.614181745447	3.393	-6.72
FNDC3A	hsa-let-7b-5p	7mer-m8	465	471	0.5	0.692581696309	2.66651798055	3.23541081256	3.55762748843	0	-1.09114199669	3.393	-9.25
FNDC3A	hsa-let-7b-5p	6mer	686	691	3.0	0.699415047986	2.8222974315	3.23541081256	3.55762748843	0	-1.09114199669	3.393	-6.72
FNDC3A	hsa-let-7c-5p	7mer-1a	2002	2008	1.5	0.825602815537	2.37031762022	3.35075073118	3.55762748843	0	-0.614181745447	3.393	-6.72
FNDC3A	hsa-let-7c-5p	7mer-m8	465	471	1.5	0.692581696309	2.66651798055	3.23541081256	3.55762748843	0	-1.09114199669	3.393	-9.25
FNDC3A	hsa-let-7c-5p	6mer	686	691	3.0	0.699415047986	2.8222974315	3.23541081256	3.55762748843	0	-1.09114199669	3.393	-6.72
FNDC3A	hsa-let-7d-5p	7mer-1a	2002	2008	1.0	0.825602815537	2.37031762022	3.35075073118	3.55762748843	0	-0.614181745447	3.393	-6.72
FNDC3A	hsa-let-7d-5p	7mer-m8	465	471	2.5	0.692581696309	2.66651798055	3.23541081256	3.55762748843	0	-1.09114199669	3.393	-9.25
FNDC3A	hsa-let-7d-5p	6mer	686	691	3.0	0.699415047986	2.8222974315	3.23541081256	3.55762748843	0	-1.09114199669	3.393	-6.72
FNDC3A	hsa-let-7e-5p	7mer-1a	2002	2008	1.5	0.825602815537	2.37031762022	3.35075073118	3.55762748843	0	-0.614181745447	3.393	-6.72
FNDC3A	hsa-let-7e-5p	7mer-m8	465	471	2.0	0.692581696309	2.66651798055	3.23541081256	3.55762748843	0	-1.09114199669	3.393	-9.25
FNDC3A	hsa-let-7e-5p	6mer	686	691	3.0	0.699415047986	2.8222974315	3.23541081256	3.55762748843	0	-1.09114199669	3.393	-6.72
FNDC3A	hsa-let-7f-5p	7mer-1a	2002	2008	2.5	0.825602815537	2.37031762022	3.35075073118	3.55762748843	0	-0.614181745447	3.393	-6.72
FNDC3A	hsa-let-7f-5p	7mer-m8	465	471	2.0	0.692581696309	2.66651798055	3.23541081256	3.55762748843	0	-1.09114199669	3.393	-9.25
FNDC3A	hsa-let-7f-5p	6mer	686	691	3.0	0.699415047986	2.8222974315	3.23541081256	3.55762748843	0	-1.09114199669	3.393	-6.72
FNDC3A	hsa-let-7g-5p	7mer-1a	2002	2008	2.5	0.825602815537	2.37031762022	3.35075073118	3.55762748843	0	-0.614181745447	3.393	-6.72
FNDC3A	hsa-let-7g-5p	7mer-m8	465	471	1.5	0.692581696309	2.66651798055	3.23541081256	3.55762748843	0	-1.09114199669	3.393	-9.25
FNDC3A	hsa-let-7g-5p	6mer	686	691	3.5	0.699415047986	2.8222974315	3.23541081256	3.55762748843	0	-1.09114199669	3.393	-6.72
FNDC3A	hsa-let-7i-5p	7mer-1a	2002	2008	1.0	0.825602815537	2.37031762022	3.35075073118	3.55762748843	0	-0.614181745447	3.393	-6.72
FNDC3A	hsa-let-7i-5p	7mer-m8	465	471	1.0	0.692581696309	2.66651798055	3.23541081256	3.55762748843	0	-1.09114199669	3.393	-9.25
FNDC3A	hsa-let-7i-5p	6mer	686	691	3.5	0.699415047986	2.8222974315	3.23541081256	3.55762748843	0	-1.09114199669	3.393	-6.72
FNDC3A	hsa-miR-1-3p	8mer-1a	2017	2024	3.5	0.773864501955	2.33963900974	3.35075073118	3.55762748843	0	0.0	3.539	-7.45
FNDC3A	hsa-miR-101-3p.1	6mer	1122	1127	2.0	0.659322907294	2.76465980508	3.23541081256	3.55762748843	0	0.0	3.544	-5.01
FNDC3A	hsa-miR-101-3p.1	7mer-1a	1655	1661	3.0	0.81023101276	2.76462020785	3.35075073118	3.55762748843	0	0.0	3.544	-5.01
FNDC3A	hsa-miR-101-3p.1	7mer-1a	2011	2017	3.0	0.723981073584	2.35332829335	3.35075073118	3.55762748843	0	0.0	3.544	-5.01
FNDC3A	hsa-miR-18a-5p	7mer-1a	2071	2077	2.5	0.80942720284	2.21904561666	3.35075073118	3.55762748843	0	0.0	3.334	-6.08
FNDC3A	hsa-miR-18b-5p	7mer-1a	2071	2077	2.5	0.80942720284	2.21904561666	3.35075073118	3.55762748843	0	0.0	3.334	-6.08
FNDC3A	hsa-miR-206	8mer-1a	2017	2024	2.5	0.773864501955	2.33963900974	3.35075073118	3.55762748843	0	0.0	3.539	-7.45
FNDC3A	hsa-miR-4458	7mer-1a	2002	2008	3.0	0.825602815537	2.37031762022	3.35075073118	3.55762748843	0	-0.614181745447	3.393	-6.72
FNDC3A	hsa-miR-4458	7mer-m8	465	471	1.5	0.692581696309	2.66651798055	3.23541081256	3.55762748843	0	-1.09114199669	3.393	-9.25
FNDC3A	hsa-miR-4458	6mer	686	691	2.0	0.699415047986	2.8222974315	3.23541081256	3.55762748843	0	-1.09114199669	3.393	-6.72
FNDC3A	hsa-miR-4500	7mer-1a	2002	2008	1.5	0.825602815537	2.37031762022	3.35075073118	3.55762748843	0	-0.614181745447	3.393	-6.72
FNDC3A	hsa-miR-4500	7mer-m8	465	471	1.0	0.692581696309	2.66651798055	3.23541081256	3.55762748843	0	-1.09114199669	3.393	-9.25
FNDC3A	hsa-miR-4500	6mer	686	691	2.5	0.699415047986	2.8222974315	3.23541081256	3.55762748843	0	-1.09114199669	3.393	-6.72
FNDC3A	hsa-miR-4735-3p	7mer-1a	2071	2077	2.0	0.80942720284	2.21904561666	3.35075073118	3.55762748843	0	0.0	3.334	-6.08
FNDC3A	hsa-miR-607	6mer	934	939	3.5	0.563378905098	2.81753688566	3.23541081256	3.55762748843	0	-0.476960251245	3.977	-2.26
FNDC3A	hsa-miR-607	7mer-m8	1384	1390	2.0	0.869075985223	2.74754670387	3.28985053343	3.55762748843	0	-0.280176568188	3.977	-3.36
FNDC3A	hsa-miR-607	7mer-1a	1466	1472	1.5	0.649507823977	2.67867646047	3.28985053343	3.55762748843	0	-0.280176568188	3.977	-2.26
FNDC3A	hsa-miR-607	6mer	1493	1498	1.5	0.56412172361	2.65434373489	3.28985053343	3.55762748843	0	-0.280176568188	3.977	-2.26
FNDC3A	hsa-miR-607	6mer	802	807	1.5	0.562867029048	2.84240203242	3.23541081256	3.55762748843	0	-0.476960251245	3.977	-2.26
FNDC3A	hsa-miR-613	8mer-1a	2017	2024	1.0	0.773864501955	2.33963900974	3.35075073118	3.55762748843	0	0.0	3.539	-7.45
FNDC3A	hsa-miR-98-5p	7mer-1a	2002	2008	1.5	0.825602815537	2.37031762022	3.35075073118	3.55762748843	0	-0.614181745447	3.393	-6.72
FNDC3A	hsa-miR-98-5p	7mer-m8	465	471	1.5	0.692581696309	2.66651798055	3.23541081256	3.55762748843	0	-1.09114199669	3.393	-9.25
FNDC3A	hsa-miR-98-5p	6mer	686	691	3.0	0.699415047986	2.8222974315	3.23541081256	3.55762748843	0	-1.09114199669	3.393	-6.72
LIN28B	hsa-let-7a-5p	7mer-m8	2471	2477	1.5	0.765401885102	3.31518161644	3.6573660667	2.88479536395	0	0.0	3.393	-9.25
LIN28B	hsa-let-7a-5p	8mer-1a	2653	2660	3.0	0.578738928055	3.27490660448	3.6573660667	2.88479536395	0	0.0	3.393	-9.25
LIN28B	hsa-let-7a-5p	8mer-1a	44	51	3.0	0.622629299288	1.63346845558	3.6573660667	2.88479536395	0	0.0	3.393	-9.25
LIN28B	hsa-let-7a-5p	7mer-m8	4092	4098	1.0	0.69449868399	2.64859812663	3.6573660667	2.88479536395	0	0.0	3.393	-9.25
LIN28B	hsa-let-7a-5p	7mer-1a	4277	4283	1.5	0.751190869386	2.4153808126	3.6573660667	2.88479536395	0	0.0	3.393	-6.72
LIN28B	hsa-let-7b-5p	7mer-m8	2471	2477	1.0	0.765401885102	3.31518161644	3.6573660667	2.88479536395	0	0.0	3.393	-9.25
LIN28B	hsa-let-7b-5p	8mer-1a	2653	2660	3.0	0.578738928055	3.27490660448	3.6573660667	2.88479536395	0	0.0	3.393	-9.25
LIN28B	hsa-let-7b-5p	8mer-1a	44	51	3.0	0.622629299288	1.63346845558	3.6573660667	2.88479536395	0	0.0	3.393	-9.25
LIN28B	hsa-let-7b-5p	7mer-m8	4092	4098	1.0	0.69449868399	2.64859812663	3.6573660667	2.88479536395	0	0.0	3.393	-9.25
LIN28B	hsa-let-7b-5p	7mer-1a	4277	4283	1.0	0.751190869386	2.4153808126	3.6573660667	2.88479536395	0	0.0	3.393	-6.72
LIN28B	hsa-let-7c-5p	7mer-m8	2471	2477	1.5	0.765401885102	3.31518161644	3.6573660667	2.88479536395	0	0.0	3.393	-9.25
LIN28B	hsa-let-7c-5p	8mer-1a	2653	2660	3.0	0.578738928055	3.27490660448	3.6573660667	2.88479536395	0	0.0	3.393	-9.25
LIN28B	hsa-let-7c-5p	8mer-1a	44	51	3.0	0.622629299288	1.63346845558	3.6573660667	2.88479536395	0	0.0	3.393	-9.25
LIN28B	hsa-let-7c-5p	7mer-m8	4092	4098	1.0	0.69449868399	2.64859812663	3.6573660667	2.88479536395	0	0.0	3.393	-9.25
LIN28B	hsa-let-7c-5p	7mer-1a	4277	4283	1.5	0.751190869386	2.4153808126	3.6573660667	2.88479536395	0	0.0	3.393	-6.72
LIN28B	hsa-let-7d-5p	7mer-m8	2471	2477	2.0	0.765401885102	3.31518161644	3.6573660667	2.88479536395	0	0.0	3.393	-9.25
LIN28B	hsa-let-7d-5p	8mer-1a	2653	2660	4.0	0.578738928055	3.27490660448	3.6573660667	2.88479536395	0	0.0	3.393	-9.25
LIN28B	hsa-let-7d-5p	8mer-1a	44	51	4.5	0.622629299288	1.63346845558	3.6573660667	2.88479536395	0	0.0	3.393	-9.25
LIN28B	hsa-let-7d-5p	7mer-m8	4092	4098	2.0	0.69449868399	2.64859812663	3.6573660667	2.88479536395	0	0.0	3.393	-9.25
LIN28B	hsa-let-7d-5p	7mer-1a	4277	4283	1.0	0.751190869386	2.4153808126	3.6573660667	2.88479536395	0	0.0	3.393	-6.72
LIN28B	hsa-let-7e-5p	7mer-m8	2471	2477	1.5	0.765401885102	3.31518161644	3.6573660667	2.88479536395	0	0.0	3.393	-9.25
LIN28B	hsa-let-7e-5p	8mer-1a	2653	2660	3.0	0.578738928055	3.27490660448	3.6573660667	2.88479536395	0	0.0	3.393	-9.25
LIN28B	hsa-let-7e-5p	8mer-1a	44	51	3.0	0.622629299288	1.63346845558	3.6573660667	2.88479536395	0	0.0	3.393	-9.25
LIN28B	hsa-let-7e-5p	7mer-m8	4092	4098	1.0	0.69449868399	2.64859812663	3.6573660667	2.88479536395	0	0.0	3.393	-9.25
LIN28B	hsa-let-7e-5p	7mer-1a	4277	4283	1.5	0.751190869386	2.4153808126	3.6573660667	2.88479536395	0	0.0	3.393	-6.72
LIN28B	hsa-let-7f-5p	7mer-m8	2471	2477	1.5	0.765401885102	3.31518161644	3.6573660667	2.88479536395	0	0.0	3.393	-9.25
LIN28B	hsa-let-7f-5p	8mer-1a	2653	2660	3.0	0.578738928055	3.27490660448	3.6573660667	2.88479536395	0	0.0	3.393	-9.25
LIN28B	hsa-let-7f-5p	8mer-1a	44	51	3.0	0.622629299288	1.63346845558	3.6573660667	2.88479536395	0	0.0	3.393	-9.25
LIN28B	hsa-let-7f-5p	7mer-m8	4092	4098	1.0	0.69449868399	2.64859812663	3.6573660667	2.88479536395	0	0.0	3.393	-9.25
LIN28B	hsa-let-7f-5p	7mer-1a	4277	4283	1.5	0.751190869386	2.4153808126	3.6573660667	2.88479536395	0	0.0	3.393	-6.72
LIN28B	hsa-let-7g-5p	7mer-m8	2471	2477	2.0	0.765401885102	3.31518161644	3.6573660667	2.88479536395	0	0.0	3.393	-9.25
LIN28B	hsa-let-7g-5p	8mer-1a	2653	2660	3.5	0.578738928055	3.27490660448	3.6573660667	2.88479536395	0	0.0	3.393	-9.25
LIN28B	hsa-let-7g-5p	8mer-1a	44	51	3.5	0.622629299288	1.63346845558	3.6573660667	2.88479536395	0	0.0	3.393	-9.25
LIN28B	hsa-let-7g-5p	7mer-m8	4092	4098	1.0	0.69449868399	2.64859812663	3.6573660667	2.88479536395	0	0.0	3.393	-9.25
LIN28B	hsa-let-7g-5p	7mer-1a	4277	4283	2.5	0.751190869386	2.4153808126	3.6573660667	2.88479536395	0	0.0	3.393	-6.72
LIN28B	hsa-let-7i-5p	7mer-m8	2471	2477	1.0	0.765401885102	3.31518161644	3.6573660667	2.88479536395	0	0.0	3.393	-9.25
LIN28B	hsa-let-7i-5p	8mer-1a	2653	2660	3.5	0.578738928055	3.27490660448	3.6573660667	2.88479536395	0	0.0	3.393	-9.25
LIN28B	hsa-let-7i-5p	8mer-1a	44	51	3.5	0.622629299288	1.63346845558	3.6573660667	2.88479536395	0	0.0	3.393	-9.25
LIN28B	hsa-let-7i-5p	7mer-m8	4092	4098	1.0	0.69449868399	2.64859812663	3.6573660667	2.88479536395	0	0.0	3.393	-9.25
LIN28B	hsa-let-7i-5p	7mer-1a	4277	4283	1.0	0.751190869386	2.4153808126	3.6573660667	2.88479536395	0	0.0	3.393	-6.72
LIN28B	hsa-miR-101-3p.1	8mer-1a	4004	4011	5.0	0.702047094886	2.72611081691	3.6573660667	2.88479536395	0	0.0	3.544	-7.7
LIN28B	hsa-miR-101-3p.1	7mer-m8	4009	4015	2.0	0.630921008	2.72283461577	3.6573660667	2.88479536395	0	0.0	3.544	-7.7
LIN28B	hsa-miR-101-3p.1	6mer	3033	3038	2.0	0.504831986	3.17760691981	3.6573660667	2.88479536395	0	0.0	3.544	-5.01
LIN28B	hsa-miR-10a-5p	6mer	168	173	3.5	0.587845749014	2.22271647115	3.6573660667	2.88479536395	0	0.0	3.432	-8.41
LIN28B	hsa-miR-10b-5p	6mer	168	173	3.5	0.587845749014	2.22271647115	3.6573660667	2.88479536395	0	0.0	3.432	-8.41
LIN28B	hsa-miR-18a-5p	7mer-1a	2081	2087	2.0	0.691613553993	3.31806333496	3.6573660667	2.88479536395	0	0.0	3.334	-6.08
LIN28B	hsa-miR-18b-5p	7mer-1a	2081	2087	2.0	0.691613553993	3.31806333496	3.6573660667	2.88479536395	0	0.0	3.334	-6.08
LIN28B	hsa-miR-4458	7mer-m8	2471	2477	0.5	0.765401885102	3.31518161644	3.6573660667	2.88479536395	0	0.0	3.393	-9.25
LIN28B	hsa-miR-4458	8mer-1a	2653	2660	1.5	0.578738928055	3.27490660448	3.6573660667	2.88479536395	0	0.0	3.393	-9.25
LIN28B	hsa-miR-4458	8mer-1a	44	51	2.0	0.622629299288	1.63346845558	3.6573660667	2.88479536395	0	0.0	3.393	-9.25
LIN28B	hsa-miR-4458	7mer-m8	4092	4098	1.0	0.69449868399	2.64859812663	3.6573660667	2.88479536395	0	0.0	3.393	-9.25
LIN28B	hsa-miR-4458	7mer-1a	4277	4283	2.0	0.751190869386	2.4153808126	3.6573660667	2.88479536395	0	0.0	3.393	-6.72
LIN28B	hsa-miR-4500	7mer-m8	2471	2477	2.0	0.765401885102	3.31518161644	3.6573660667	2.88479536395	0	0.0	3.393	-9.25
LIN28B	hsa-miR-4500	8mer-1a	2653	2660	2.5	0.578738928055	3.27490660448	3.6573660667	2.88479536395	0	0.0	3.393	-9.25
LIN28B	hsa-miR-4500	8mer-1a	44	51	2.5	0.622629299288	1.63346845558	3.6573660667	2.88479536395	0	0.0	3.393	-9.25
LIN28B	hsa-miR-4500	7mer-m8	4092	4098	1.0	0.69449868399	2.64859812663	3.6573660667	2.88479536395	0	0.0	3.393	-9.25
LIN28B	hsa-miR-4500	7mer-1a	4277	4283	2.0	0.751190869386	2.4153808126	3.6573660667	2.88479536395	0	0.0	3.393	-6.72
LIN28B	hsa-miR-4735-3p	7mer-1a	2081	2087	2.0	0.691613553993	3.31806333496	3.6573660667	2.88479536395	0	0.0	3.334	-6.08
LIN28B	hsa-miR-603	6mer	255	260	1.5	0.532084940081	2.40483371662	3.6573660667	2.88479536395	0	0.0	3.637	-6.4
LIN28B	hsa-miR-603	7mer-1a	257	263	2.0	0.563343963491	2.40823996531	3.6573660667	2.88479536395	0	0.0	3.637	-6.4
LIN28B	hsa-miR-605-5p	6mer	1880	1885	1.5	0.641220291267	3.2739267801	3.6573660667	2.88479536395	0	0.47712125472	3.507	-4.03
LIN28B	hsa-miR-605-5p	6mer	269	274	2.0	0.751072040203	2.42813479403	3.6573660667	2.88479536395	0	0.47712125472	3.507	-4.03
LIN28B	hsa-miR-605-5p	7mer-m8	95	101	2.0	0.67402953989	1.9731278536	3.6573660667	2.88479536395	0	0.47712125472	3.507	-7.29
LIN28B	hsa-miR-607	7mer-1a	2055	2061	5.0	0.667611704367	3.31260043926	3.6573660667	2.88479536395	0	0.0	3.977	-2.26
LIN28B	hsa-miR-607	8mer-1a	2209	2216	2.0	0.59839654551	3.34399906906	3.6573660667	2.88479536395	0	0.0	3.977	-3.36
LIN28B	hsa-miR-607	6mer	2501	2506	4.5	0.808164275111	3.30904305854	3.6573660667	2.88479536395	0	0.0	3.977	-2.26
LIN28B	hsa-miR-607	6mer	630	635	1.0	0.483863913019	2.79865064545	3.6573660667	2.88479536395	0	0.0	3.977	-2.26
LIN28B	hsa-miR-609	6mer	344	349	3.0	0.650229043832	2.53529412004	3.6573660667	2.88479536395	0	0.0	3.388	-8.57
LIN28B	hsa-miR-98-5p	7mer-m8	2471	2477	1.5	0.765401885102	3.31518161644	3.6573660667	2.88479536395	0	0.0	3.393	-9.25
LIN28B	hsa-miR-98-5p	8mer-1a	2653	2660	3.0	0.578738928055	3.27490660448	3.6573660667	2.88479536395	0	0.0	3.393	-9.25
LIN28B	hsa-miR-98-5p	8mer-1a	44	51	3.0	0.622629299288	1.63346845558	3.6573660667	2.88479536395	0	0.0	3.393	-9.25
LIN28B	hsa-miR-98-5p	7mer-m8	4092	4098	1.0	0.69449868399	2.64859812663	3.6573660667	2.88479536395	0	0.0	3.393	-9.25
LIN28B	hsa-miR-98-5p	7mer-1a	4277	4283	1.5	0.751190869386	2.4153808126	3.6573660667	2.88479536395	0	0.0	3.393	-6.72
LPHN1	hsa-let-7a-5p	6mer	1238	1243	1.0	0.39285525461	2.76374742607	3.32155370455	3.6471872979	0	0.0	3.393	-6.72
LPHN1	hsa-let-7b-5p	6mer	1238	1243	1.0	0.39285525461	2.76374742607	3.32155370455	3.6471872979	0	0.0	3.393	-6.72
LPHN1	hsa-let-7c-5p	6mer	1238	1243	1.0	0.39285525461	2.76374742607	3.32155370455	3.6471872979	0	0.0	3.393	-6.72
LPHN1	hsa-let-7d-5p	6mer	1238	1243	1.5	0.39285525461	2.76374742607	3.32155370455	3.6471872979	0	0.0	3.393	-6.72
LPHN1	hsa-let-7e-5p	6mer	1238	1243	1.0	0.39285525461	2.76374742607	3.32155370455	3.6471872979	0	0.0	3.393	-6.72
LPHN1	hsa-let-7f-5p	6mer	1238	1243	1.0	0.39285525461	2.76374742607	3.32155370455	3.6471872979	0	0.0	3.393	-6.72
LPHN1	hsa-let-7g-5p	6mer	1238	1243	1.0	0.39285525461	2.76374742607	3.32155370455	3.6471872979	0	0.0	3.393	-6.72
LPHN1	hsa-let-7i-5p	6mer	1238	1243	0.0	0.39285525461	2.76374742607	3.32155370455	3.6471872979	0	0.0	3.393	-6.72
LPHN1	hsa-miR-10a-5p	6mer	178	183	2.0	0.426194030317	2.24797326636	3.21940323834	3.6471872979	0	0.0	3.432	-8.41
LPHN1	hsa-miR-10a-5p	7mer-m8	190	196	2.5	0.445356937611	2.27646180417	3.21940323834	3.6471872979	0	0.0	3.432	-10.2
LPHN1	hsa-miR-10b-5p	6mer	178	183	2.5	0.426194030317	2.24797326636	3.21940323834	3.6471872979	0	0.0	3.432	-8.41
LPHN1	hsa-miR-10b-5p	7mer-m8	190	196	3.0	0.445356937611	2.27646180417	3.21940323834	3.6471872979	0	0.0	3.432	-10.2
LPHN1	hsa-miR-18a-5p	6mer	1548	1553	1.5	0.390639562651	3.1894903137	3.49575727171	3.6471872979	0	0.301029995664	3.334	-6.08
LPHN1	hsa-miR-18a-5p	6mer	1564	1569	2.5	0.286839091057	3.19347729433	3.49575727171	3.6471872979	0	0.301029995664	3.334	-6.08
LPHN1	hsa-miR-18b-5p	6mer	1548	1553	1.5	0.390639562651	3.1894903137	3.49575727171	3.6471872979	0	0.301029995664	3.334	-6.08
LPHN1	hsa-miR-18b-5p	6mer	1564	1569	2.5	0.286839091057	3.19347729433	3.49575727171	3.6471872979	0	0.301029995664	3.334	-6.08
LPHN1	hsa-miR-4458	6mer	1238	1243	3.0	0.39285525461	2.76374742607	3.32155370455	3.6471872979	0	0.0	3.393	-6.72
LPHN1	hsa-miR-4500	6mer	1238	1243	0.0	0.39285525461	2.76374742607	3.32155370455	3.6471872979	0	0.0	3.393	-6.72
LPHN1	hsa-miR-4651	8mer-1a	2697	2704	3.0	0.252986589034	2.63097168629	3.49575727171	3.6471872979	0	0.301029995664	3.758	-13.3
LPHN1	hsa-miR-4735-3p	6mer	1548	1553	1.0	0.390639562651	3.1894903137	3.49575727171	3.6471872979	0	0.301029995664	3.334	-6.08
LPHN1	hsa-miR-4735-3p	6mer	1564	1569	2.5	0.286839091057	3.19347729433	3.49575727171	3.6471872979	0	0.301029995664	3.334	-6.08
LPHN1	hsa-miR-602	7mer-1a	1061	1067	3.0	0.346104442299	2.68395164116	3.27033605741	3.6471872979	0	0.0	2.92	-7.67
LPHN1	hsa-miR-602	8mer-1a	2096	2103	2.0	0.544865378596	3.01221908004	3.49575727171	3.6471872979	0	0.0	2.92	-10.93
LPHN1	hsa-miR-604	7mer-1a	1046	1052	3.0	0.315094596901	2.68899059014	3.27033605741	3.6471872979	1	0.0	3.461	-10.2
LPHN1	hsa-miR-604	6mer	2390	2395	3.0	0.325125904732	2.86719339646	3.49575727171	3.6471872979	1	0.0	3.461	-10.2
LPHN1	hsa-miR-604	6mer	295	300	2.5	0.415769278811	2.46834733041	3.21940323834	3.6471872979	1	0.0	3.461	-10.2
LPHN1	hsa-miR-604	8mer-1a	437	444	2.5	0.400048859054	2.63948648927	3.21940323834	3.6471872979	1	0.0	3.461	-12.56
LPHN1	hsa-miR-605-5p	6mer	2804	2809	0.5	0.649613181215	2.50857686559	3.49575727171	3.6471872979	0	0.0	3.507	-4.03
LPHN1	hsa-miR-608	8mer-1a	2697	2704	2.0	0.252986589034	2.63097168629	3.49575727171	3.6471872979	0	0.301029995664	3.758	-13.3
LPHN1	hsa-miR-609	7mer-1a	1314	1320	2.5	0.488396610852	2.75405712749	3.32155370455	3.6471872979	0	0.0	3.388	-8.57
LPHN1	hsa-miR-609	7mer-1a	1612	1618	2.0	0.329190805741	3.17999247183	3.49575727171	3.6471872979	0	0.0	3.388	-8.57
LPHN1	hsa-miR-98-5p	6mer	1238	1243	0.0	0.39285525461	2.76374742607	3.32155370455	3.6471872979	0	0.0	3.393	-6.72
NLRP1	hsa-miR-10a-5p	7mer-m8	359	365	1.5	0.356195184629	2.32405681745	3.14745372409	3.6171052305	0	0.0	3.432	-10.2
NLRP1	hsa-miR-10b-5p	7mer-m8	359	365	1.5	0.356195184629	2.32405681745	3.14745372409	3.6171052305	0	0.0	3.432	-10.2
NLRP1	hsa-miR-604	7mer-1a	274	280	2.5	0.428867404725	2.32418730261	3.14745372409	3.6171052305	0	0.0	3.461	-10.2
ZNF197	hsa-miR-101-3p.1	7mer-1a	1411	1417	3.0	0.610390054254	2.71868719196	3.28785174707	2.91275330367	0	0.0	3.544	-5.01
ZNF197	hsa-miR-101-3p.1	6mer	344	349	2.0	0.629269880459	2.53529412004	3.10866666813	2.91275330367	0	0.0	3.544	-5.01
ZNF197	hsa-miR-603	7mer-m8	1583	1589	3.0	0.696245786635	2.54558349243	3.28785174707	2.91275330367	0	0.0	3.637	-8.03
ZNF197	hsa-miR-605-5p	7mer-m8	565	571	2.0	0.696568400365	2.7414676274	3.10866666813	2.91275330367	0	0.0	3.507	-7.29
ZNF197	hsa-miR-606	6mer	1712	1717	3.0	0.603667022542	2.34873979693	3.28785174707	2.91275330367	0	0.0	3.354	-4.28
ZNF197	hsa-miR-607	8mer-1a	1597	1604	2.0	0.653934679411	2.52662798747	3.28785174707	2.91275330367	0	0.0	3.977	-3.36
ZNF197	hsa-miR-607	7mer-m8	1642	1648	2.0	0.72518083113	2.46571504915	3.28785174707	2.91275330367	0	0.0	3.977	-3.36
ZNF197	hsa-miR-607	6mer	1716	1721	1.5	0.555536607265	2.34088698867	3.28785174707	2.91275330367	0	0.0	3.977	-2.26
